<?xml version="1.0" encoding="UTF-8"?> 
<sl:stand>
    <sl-bag-extract:bagObject>
        <Objecten:Woonplaats>
            <Objecten:identificatie domein="NL.IMBAG.Woonplaats">1082</Objecten:identificatie>
                <Objecten:naam>Meppel</Objecten:naam>
                    <Objecten:geometrie>
                        <Objecten:vlak>
                            <gml:Polygon srsName="urn:ogc:def:crs:EPSG::28992" srsDimension="2">
                                <gml:exterior>
                                    <gml:LinearRing>
                                        <gml:posList count="845">212809.306 524721.296 212803.941 524719.055 212744.678 524694.775 212706.367 524679.339 212676.21 524666.443 212640.564 524652.563 212583.235 524629.419 212551.698 524616.649 212522.88 524607.019 212497.895 524601.578 212467.948 524599.805 212446.183 524601.138 212422.546 524604.476 212405.334 524609.695 212386.012 524618.024 212363.052 524628.961 212325.63 524648.772 212274.041 524675.361 212254.596 524684.488 212235.548 524691.234 212204.594 524696.79 212178.799 524696.79 212156.973 524695.203 212131.575 524690.441 212109.352 524682.504 212092.288 524673.377 212078.002 524662.662 212044.271 524629.724 211984.348 524573.373 211915.694 524510.275 211876.01 524472.972 211837.914 524436.86 211810.135 524411.462 211786.324 524392.413 211755.768 524370.191 211735.132 524357.888 211714.496 524346.38 211685.13 524332.49 211652.192 524318.998 211624.81 524308.68 211597.825 524302.331 211570.84 524296.775 211545.442 524293.6 211514.092 524290.029 211476.789 524289.632 211310.116 524297.966 211270.035 524299.553 211249.399 524298.76 211225.589 524295.981 211194.238 524288.838 211173.603 524282.489 211153.364 524274.155 211141.884 524269.06 211125.216 524275.176 211080.302 524294.333 211077.73 524345.749 211076.874 524374.645 211076.171 524396.426 211075.908 524415.001 211074.327 524449.079 211073.273 524469.806 211072.219 524497.735 211070.905 524523.051 211071.077 524527.135 211069.321 524580.886 211068.047 524619.684 211066.115 524665.179 211065.039 524703.603 211063.458 524747.517 211062.117 524786.793 211061.636 524796.373 211057.904 524898.371 211055.179 524981.575 211051.245 525067.04 211049.982 525108.704 211049.658 525122.716 211049.214 525133.176 211047.63 525167.056 211046.34 525224.63 211044.622 525296.259 211042.267 525359.28 211041.868 525392.653 211040.565 525422.035 211038.882 525474.719 211036.737 525530.242 211035.513 525564.937 211032.147 525675.369 211029.886 525743.852 211027.737 525814.651 211024.299 525905.168 211022.005 525976.789 211021.126 526012.564 211027.333 526017.879 211031.846 526023.342 211034.696 526029.992 211038.021 526044.005 211048.661 526084.499 211054.361 526110.863 211059.111 526145.54 211061.431 526161.729 211065.469 526176.455 211081.382 526216.12 211114.062 526298.003 211110.953 526303.812 211105.763 526313.516 211111.019 526326.468 211118.528 526343.925 211125.098 526361.946 211145.934 526415.257 211159.074 526447.543 211168.648 526468.755 211179.159 526492.594 211186.293 526507.987 211198.118 526533.141 211200.371 526538.772 211206.753 526558.482 211212.572 526575.752 211215.951 526583.636 211217.828 526588.704 211221.583 526597.151 211224.774 526603.908 211232.846 526620.615 211240.542 526634.694 211248.613 526650.65 211273.392 526700.018 211278.272 526707.902 211284.654 526717.851 211289.91 526727.424 211311.122 526768.346 211334.873 526813.661 211355.15 526844.045 211362.618 526857.886 211376.393 526888.977 211392.358 526918.267 211397.701 526926.185 211406.326 526942.664 211420.511 526970.781 211433.642 526991.79 211438.519 527000.044 211452.776 527030.058 211464.781 527055.569 211479.413 527084.833 211488.417 527101.715 211503.424 527124.976 211527.435 527166.619 211530.061 527170.746 211533.813 527177.875 211546.944 527204.887 211557.824 527225.897 211567.203 527242.78 211588.213 527282.547 211604.345 527313.311 211615.975 527336.572 211633.608 527366.586 211658.745 527408.23 211673.376 527434.491 211681.255 527449.498 211691.009 527468.257 211702.64 527490.017 211710.893 527505.399 211716.521 527515.529 211741.282 527560.174 211760.041 527595.065 211769.045 527613.448 211776.923 527630.706 211791.93 527659.594 211803.936 527684.355 211807.687 527690.358 211815.941 527698.237 211824.945 527714.744 211835.075 527735.003 211843.704 527750.76 211851.958 527766.143 211861.712 527785.276 211863.588 527790.529 211868.09 527801.408 211878.595 527820.917 211884.973 527831.797 211890.975 527841.177 211897.572 527853.182 211907.702 527873.442 211920.083 527899.328 211927.211 527913.585 211950.096 527954.103 211958.725 527970.235 211961.351 527976.989 211965.478 527985.617 211971.481 527995.747 211978.984 528009.628 211984.987 528019.758 212004.496 528058.025 212023.63 528093.291 212042.763 528129.683 212060.021 528162.698 212065.274 528170.951 212069.025 528175.078 212071.651 528179.205 212074.653 528185.583 212076.529 528192.711 212078.029 528197.589 212086.283 528210.345 212090.785 528217.473 212096.038 528229.479 212102.791 528239.233 212106.167 528243.36 212108.043 528247.112 212112.92 528256.115 212118.548 528266.995 212128.302 528290.256 212140.308 528313.892 212147.811 528326.272 212162.287 528354.034 212173.917 528375.794 212183.671 528394.928 212194.927 528415.188 212219.543 528459.277 212222.029 528465.48 212225.926 528474.419 212189.41 528493.441 212184.918 528495.906 212173.367 528502.022 212158.369 528509.583 212107.345 528536.706 212088.989 528548.051 212084.2 528550.945 212076.83 528555.511 212060.138 528566.266 212028.556 528589.839 212022.479 528586.543 212002.578 528604.0 212005.468 528605.062 211940.828 528661.687 211870.515 528723.25 211784.996 528798.208 211741.734 528836.125 211678.687 528891.312 211627.984 528935.75 211620.656 528942.687 211536.468 529016.25 211473.203 529071.625 211385.484 529148.437 211308.656 529215.0 211296.578 529231.0 211292.375 529235.25 211288.843 529240.0 211286.015 529245.187 211284.015 529250.75 211276.687 529276.937 211253.703 529259.437 211230.484 529270.937 211227.843 529272.25 211224.25 529274.0 211167.156 529302.25 211134.186 529318.581 211071.906 529198.125 211030.062 529117.5 210940.906 528947.5 210880.906 528829.687 210808.484 528691.187 210726.453 528532.562 210726.171 528532.0 210687.562 528457.937 210629.796 528347.375 210566.015 528224.125 210447.875 527998.375 210408.187 527921.625 210389.875 527886.812 210346.093 527803.687 210256.0 527631.937 210235.015 527591.5 210153.203 527434.125 210131.734 527392.937 210099.906 527332.25 210092.508 527318.125 210096.812 527318.125 210096.812 527312.625 210089.078 527311.25 210059.812 527252.812 210029.552 527192.328 210035.093 527187.625 210023.687 527163.687 210008.546 527143.375 209978.406 527110.625 209967.359 527093.812 209964.765 527086.75 209952.484 527022.437 209935.687 526937.937 209933.562 526931.687 209914.218 526874.375 209877.453 526683.687 209831.515 526480.125 209811.515 526453.812 209782.562 526415.187 209755.093 526378.562 209738.812 526358.187 209731.593 526349.125 209705.875 526313.437 209623.39 526208.25 209581.093 526152.25 209543.937 526102.625 209458.734 525986.312 209451.62 525980.559 209449.37 525976.961 209447.024 525973.052 209444.943 525969.301 209435.15 525953.453 209433.216 525950.304 209430.983 525946.385 209429.822 525943.21 209427.835 525938.515 209423.996 525928.054 209420.102 525930.736 209421.81 525939.438 209413.94 525944.579 209381.721 525898.722 209377.407 525909.934 209370.419 525928.103 209319.843 526061.135 209219.79 526320.217 209194.153 526302.628 208709.303 525970.008 208669.262 525942.502 208624.123 525908.842 208560.342 525864.489 208501.285 525823.433 208403.24 525756.284 208393.572 525751.031 208316.912 525695.759 208398.545 525486.764 208491.511 525245.69 208488.115 525242.707 208390.883 525191.253 208375.083 525183.779 208336.647 525165.605 208313.062 525152.997 208266.026 525126.245 208193.509 525104.482 208165.036 525095.357 208144.723 525087.483 208129.68 525084.014 208120.295 525081.874 208090.794 525069.635 208017.027 525039.268 207895.849 524989.349 207941.147 524873.7 207969.556 524797.193 207979.384 524771.225 207997.313 524729.39 208016.166 524682.227 208043.63 524614.077 208066.725 524558.057 208108.114 524468.982 208128.639 524424.994 208159.453 524359.582 208197.173 524279.872 208034.745 524181.174 207935.137 524105.17 207869.932 524032.348 207864.84 524028.256 207827.251 523996.482 207755.906 523932.437 207703.501 523881.057 207668.849 523842.757 207640.818 523813.383 207629.31 523800.195 207590.2 523752.861 207572.647 523731.135 207555.367 523710.156 207544.097 523695.324 207517.951 523661.431 207486.915 523621.601 207454.755 523580.467 207434.959 523554.492 207417.532 523531.845 207415.532 523528.89 207410.757 523523.526 207396.47 523504.571 207366.645 523465.611 207340.017 523431.858 207324.392 523411.913 207323.545 523410.698 207315.131 523400.441 207307.249 523390.322 207278.318 523352.869 207276.092 523350.132 207150.517 523210.584 207010.381 523022.166 207014.933 523010.971 207018.141 523002.992 207165.985 523062.753 207168.867 523054.223 207178.092 523026.601 207181.532 523027.335 207186.118 523028.637 207193.599 523029.327 207200.582 523029.874 207209.521 523030.18 207214.479 523029.673 207221.365 523027.879 207236.21 523022.45 207241.482 523019.358 207293.195 522987.752 207330.958 522965.017 207396.073 522931.52 207439.592 522892.9 207444.423 522889.309 207584.171 522667.658 207599.421 522671.988 207625.288 522672.395 207670.172 522675.409 207673.985 522675.4 207676.783 522675.354 207680.612 522674.891 207683.238 522673.973 207688.849 522670.679 207715.26 522651.671 207732.517 522639.249 207806.223 522586.187 207808.274 522581.739 207856.458 522475.068 207907.049 522363.034 207906.114 522361.761 207902.749 522357.367 207900.638 522353.77 207892.005 522343.435 207862.061 522297.38 207845.598 522277.809 207815.371 522238.36 207783.11 522186.007 207761.811 522154.59 207753.855 522142.181 207753.396 522141.463 207707.441 522070.166 207623.873 521940.435 207539.06 521808.28 207526.317 521786.908 207508.75 521760.69 207484.511 521721.619 207464.317 521684.015 207493.922 521670.572 207497.213 521668.613 207504.778 521663.598 207507.788 521661.05 207510.251 521658.338 207512.13 521654.67 207521.353 521628.013 207522.457 521625.869 207523.567 521624.377 207525.091 521622.79 207527.58 521620.981 207529.868 521619.399 207846.723 521501.757 207860.616 521486.051 207998.306 521434.349 208062.513 521409.786 208519.964 521235.121 208536.351 521229.249 208613.104 521200.626 208646.579 521189.302 208677.254 521179.735 208708.08 521170.87 208739.557 521161.952 208769.985 521154.889 208801.817 521148.575 208833.135 521142.654 208826.369 521159.046 208828.218 521159.166 208756.557 521327.475 208748.826 521342.581 208902.278 521382.065 208791.969 521637.859 208751.408 521629.904 208703.159 521741.925 208649.414 521866.7 208684.225 521880.532 208699.394 521885.284 208710.178 521888.23 208742.971 521898.12 208767.684 521904.937 208811.946 521917.501 208844.498 521926.512 208848.766 521927.826 208912.445 521945.63 208951.558 521956.598 208997.039 521969.62 209008.208 521972.545 209021.889 521940.849 209060.138 521852.253 209100.445 521758.17 209146.437 521652.497 209162.968 521656.826 209165.908 521645.349 209238.474 521663.631 209244.568 521633.129 209249.73 521611.368 209389.055 521622.485 209392.903 521596.721 209405.829 521511.58 209424.569 521357.336 209433.912 521301.005 209580.756 521325.245 209577.424 521348.18 209576.239 521359.815 209573.351 521390.83 209572.764 521415.662 209574.029 521445.096 209576.667 521474.723 209581.515 521504.892 209586.432 521528.802 209583.042 521529.612 209585.947 521540.881 209588.831 521550.995 209591.472 521559.275 209594.601 521569.714 209598.826 521581.154 209609.928 521609.989 209617.908 521627.073 209625.302 521641.88 209631.629 521653.351 209636.713 521661.703 209642.614 521671.9 209650.296 521684.047 209656.382 521693.213 209661.797 521700.979 209674.196 521717.942 209680.927 521726.886 209686.526 521733.893 209720.603 521728.461 209710.447 521770.812 209719.108 521782.22 209719.741 521782.411 209719.13 521784.815 209720.438 521787.81 209722.737 521789.349 209722.414 521790.298 209722.692 521792.37 209728.531 521799.573 209731.031 521800.839 209732.41 521800.455 209733.733 521798.88 209737.409 521803.221 209741.514 521803.238 209873.182 521968.523 209911.041 522016.646 210015.436 522146.942 210058.713 522200.419 210074.699 522220.004 210088.37 522213.603 210100.984 522210.084 210106.671 522208.413 210116.575 522209.328 210119.198 522211.736 210138.267 522217.616 210145.392 522219.635 210152.36 522221.271 210157.458 522222.568 210163.009 522223.496 210168.645 522224.311 210204.362 522229.031 210208.792 522229.916 210211.196 522230.434 210214.251 522230.554 210217.626 522230.073 210220.775 522229.068 210223.434 522228.183 210226.306 522226.66 210228.972 522225.117 210231.695 522222.907 210235.66 522219.813 210239.433 522216.088 210243.305 522212.703 210245.773 522210.126 210249.376 522206.982 210255.909 522199.171 210267.222 522184.76 210273.996 522177.927 210280.832 522173.31 210290.411 522170.528 210298.642 522171.428 210308.869 522181.351 210314.943 522188.78 210317.387 522192.074 210319.329 522195.742 210321.461 522199.333 210323.006 522202.704 210324.238 522206.372 210324.929 522216.188 210325.29 522218.362 210326.232 522220.352 210327.373 522221.96 210329.266 522223.511 210345.81 522231.572 210354.409 522234.696 210375.832 522241.808 210390.272 522248.601 210393.838 522249.458 210397.737 522250.167 210400.693 522250.656 210403.621 522250.592 210421.871 522250.013 210451.934 522244.209 210455.415 522244.471 210457.712 522244.245 210468.397 522242.114 210478.16 522240.975 210494.794 522238.299 210504.528 522238.732 210523.38 522240.242 210542.493 522242.17 210575.565 522248.936 210596.725 522257.401 210638.885 522285.634 210641.641 522290.4 210642.704 522292.171 210643.718 522293.24 210645.213 522293.785 210646.731 522293.771 210648.453 522293.779 210667.173 522287.619 210705.176 522265.053 210719.677 522257.37 210756.981 522246.942 210767.368 522244.499 210792.308 522232.243 210797.711 522230.714 210802.298 522229.857 210806.176 522229.709 210808.622 522229.815 210811.217 522230.963 210813.279 522232.641 210815.413 522234.462 210816.872 522237.238 210817.658 522241.324 210817.571 522245.687 210816.897 522247.351 210816.109 522249.992 210815.002 522253.59 210812.64 522256.557 210810.37 522260.169 210807.845 522262.704 210805.71 522264.778 210803.277 522267.604 210799.426 522270.429 210796.199 522273.368 210792.582 522276.767 210789.426 522279.493 210785.582 522283.076 210777.497 522291.715 210776.184 522294.938 210775.425 522296.361 210775.877 522298.826 210777.415 522302.147 210779.229 522304.569 210783.148 522308.967 210807.721 522329.288 210813.915 522335.789 210816.183 522338.197 210817.664 522339.352 210819.77 522339.558 210827.563 522336.322 210837.144 522328.936 210839.761 522327.046 210843.299 522325.226 210846.533 522324.107 210849.184 522324.589 210879.758 522339.046 210887.108 522342.297 210888.994 522344.153 210890.695 522346.136 210892.055 522348.572 210893.529 522351.094 210894.86 522354.394 210895.838 522357.34 210902.889 522384.054 210903.631 522391.029 210904.714 522397.198 210906.958 522405.477 210909.153 522413.409 210910.01 522415.866 210911.959 522418.168 210927.822 522428.197 210928.723 522428.474 210947.034 522433.652 210954.243 522435.167 210968.597 522437.923 210971.481 522437.833 210974.301 522437.393 210976.199 522436.234 211001.124 522422.496 211006.113 522415.475 211007.592 522410.98 211006.942 522403.874 211006.742 522400.961 211007.312 522398.436 211008.295 522396.607 211010.835 522395.348 211027.574 522394.414 211064.958 522405.732 211068.057 522407.736 211070.754 522408.787 211072.583 522411.09 211073.958 522413.413 211077.224 522422.345 211078.731 522426.17 211080.137 522428.692 211081.682 522429.821 211084.526 522430.189 211089.934 522428.787 211097.873 522425.416 211107.094 522419.865 211116.377 522410.803 211121.25 522403.038 211125.352 522398.134 211131.378 522391.915 211139.183 522378.565 211141.384 522361.776 211140.999 522357.674 211140.147 522354.153 211137.305 522341.754 211136.436 522337.474 211136.37 522335.099 211136.953 522333.637 211138.142 522331.828 211140.03 522329.959 211142.963 522328.943 211165.126 522340.762 211187.408 522362.461 211197.81 522377.841 211199.36 522379.985 211201.238 522380.656 211217.503 522381.099 211221.501 522380.59 211225.054 522379.325 211236.704 522373.751 211241.336 522372.571 211259.097 522366.855 211279.959 522362.178 211292.405 522356.835 211298.9 522354.603 211301.171 522351.609 211301.486 522343.54 211298.995 522335.351 211295.306 522329.886 211284.46 522307.418 211274.708 522284.17 211269.981 522278.868 211259.248 522275.366 211256.088 522275.25 211253.322 522276.037 211251.74 522275.319 211249.861 522272.364 211248.688 522268.08 211247.785 522258.374 211247.283 522251.245 211247.801 522243.5 211248.537 522238.461 211250.089 522234.108 211250.507 522224.094 211247.395 522219.402 211245.187 522217.919 211240.309 522215.229 211230.37 522212.263 211228.647 522211.618 211227.559 522210.164 211226.872 522207.378 211226.518 522203.474 211226.36 522200.504 211228.321 522198.777 211229.781 522197.737 211244.825 522191.176 211254.27 522188.686 211257.185 522187.876 211260.044 522187.684 211275.738 522185.945 211278.555 522185.81 211282.535 522184.681 211291.809 522180.442 211306.492 522172.212 211311.235 522167.606 211315.271 522162.517 211319.827 522155.969 211330.647 522138.546 211350.871 522125.542 211354.088 522123.416 211356.991 522122.201 211360.822 522121.096 211391.763 522114.744 211393.529 522114.367 211394.528 522113.298 211394.768 522111.585 211394.463 522109.298 211393.961 522107.701 211388.559 522100.677 211385.682 522093.258 211380.874 522084.517 211379.422 522081.698 211378.774 522079.16 211378.682 522075.316 211382.863 522035.428 211385.088 522032.797 211389.48 522030.081 211393.137 522029.155 211405.642 522026.137 211409.721 522024.993 211411.362 522024.788 211413.269 522024.998 211414.515 522025.514 211415.339 522026.248 211416.305 522027.569 211416.697 522029.437 211416.993 522038.172 211419.074 522050.892 211419.968 522054.356 211420.932 522056.642 211422.331 522059.114 211424.669 522061.439 211427.069 522061.877 211459.339 522054.303 211462.492 522052.745 211465.78 522050.1 211470.089 522047.498 211473.461 522045.398 211479.956 522043.167 211484.348 522040.451 211487.926 522036.086 211490.941 522032.011 211495.754 522026.793 211499.81 522020.65 211522.907 522033.86 211614.647 522083.246 211777.368 522166.28 211869.915 522207.061 211973.737 522246.72 212133.193 522299.537 212304.619 522342.058 212431.956 522364.584 212393.554 522457.319 212351.577 522546.631 212247.114 522687.923 212448.673 522763.591 212685.053 522786.694 212939.291 522844.766 212953.272 522956.661 212887.982 523007.888 212809.306 524721.296</gml:posList>
                                    </gml:LinearRing>
                                </gml:exterior>
                            </gml:Polygon>
                        </Objecten:vlak>
                    </Objecten:geometrie>
                <Objecten:status>Woonplaats aangewezen</Objecten:status>
            <Objecten:geconstateerd>N</Objecten:geconstateerd>
        <Objecten:documentdatum>1998-09-10</Objecten:documentdatum>
    <Objecten:documentnummer>IX/7</Objecten:documentnummer>
<Objecten:voorkomen><Historie:Voorkomen><Historie:voorkomenidentificatie>1</Historie:voorkomenidentificatie><Historie:beginGeldigheid>1998-09-10</Historie:beginGeldigheid><Historie:tijdstipRegistratie>2010-03-02T13:44:19.000</Historie:tijdstipRegistratie><Historie:BeschikbaarLV><Historie:tijdstipRegistratieLV>2010-03-04T09:11:43.905</Historie:tijdstipRegistratieLV></Historie:BeschikbaarLV></Historie:Voorkomen></Objecten:voorkomen></Objecten:Woonplaats></sl-bag-extract:bagObject></sl:stand><sl:stand><sl-bag-extract:bagObject><Objecten:Woonplaats><Objecten:identificatie domein="NL.IMBAG.Woonplaats">1083</Objecten:identificatie><Objecten:naam>Nijeveen</Objecten:naam><Objecten:geometrie><Objecten:vlak><gml:Polygon srsName="urn:ogc:def:crs:EPSG::28992" srsDimension="2">
  <gml:exterior>
    <gml:LinearRing>
      <gml:posList count="418">207009.273 523024.891 207010.381 523022.166 207150.517 523210.584 207276.092 523350.132 207278.318 523352.869 207307.249 523390.322 207315.131 523400.441 207323.545 523410.698 207324.392 523411.913 207340.017 523431.858 207366.645 523465.611 207396.47 523504.571 207410.757 523523.526 207415.532 523528.89 207417.532 523531.845 207434.959 523554.492 207454.755 523580.467 207486.915 523621.601 207517.951 523661.431 207544.097 523695.324 207555.367 523710.156 207572.647 523731.135 207590.2 523752.861 207629.31 523800.195 207640.818 523813.383 207668.849 523842.757 207703.501 523881.057 207755.906 523932.437 207827.251 523996.482 207864.84 524028.256 207869.932 524032.348 207935.137 524105.17 208034.745 524181.174 208197.173 524279.872 208159.453 524359.582 208128.639 524424.994 208108.114 524468.982 208066.725 524558.057 208043.63 524614.077 208016.166 524682.227 207997.313 524729.39 207979.384 524771.225 207969.556 524797.193 207941.147 524873.7 207895.849 524989.349 208017.027 525039.268 208090.794 525069.635 208120.295 525081.874 208129.68 525084.014 208144.723 525087.483 208165.036 525095.357 208193.509 525104.482 208266.026 525126.245 208313.062 525152.997 208336.647 525165.605 208375.083 525183.779 208390.883 525191.253 208488.115 525242.707 208491.511 525245.69 208398.545 525486.764 208316.912 525695.759 208393.572 525751.031 208403.24 525756.284 208501.285 525823.433 208560.342 525864.489 208624.123 525908.842 208669.262 525942.502 208709.303 525970.008 209194.153 526302.628 209219.79 526320.217 209319.843 526061.135 209370.419 525928.103 209377.407 525909.934 209381.721 525898.722 209413.94 525944.579 209421.81 525939.438 209420.102 525930.736 209423.996 525928.054 209427.835 525938.515 209429.822 525943.21 209430.983 525946.385 209433.216 525950.304 209435.15 525953.453 209444.943 525969.301 209447.024 525973.052 209449.37 525976.961 209451.62 525980.559 209458.734 525986.312 209543.937 526102.625 209581.093 526152.25 209623.39 526208.25 209705.875 526313.437 209731.593 526349.125 209738.812 526358.187 209755.093 526378.562 209782.562 526415.187 209811.515 526453.812 209831.515 526480.125 209877.453 526683.687 209914.218 526874.375 209933.562 526931.687 209935.687 526937.937 209952.484 527022.437 209964.765 527086.75 209967.359 527093.812 209978.406 527110.625 210008.546 527143.375 210023.687 527163.687 210035.093 527187.625 210029.552 527192.328 210025.305 527199.047 210021.613 527205.453 210018.83 527210.361 210016.195 527214.89 210014.565 527217.959 210012.501 527222.002 210010.912 527225.523 210009.352 527229.11 210006.73 527235.006 210002.604 527245.327 209904.319 527492.664 209853.964 527620.949 209848.727 527635.15 209832.051 527680.471 209823.481 527701.918 209812.151 527727.235 209803.096 527750.566 209791.727 527782.103 209787.085 527794.461 209787.038 527794.442 209525.297 528461.549 209464.328 528618.387 209449.466 528665.843 209371.233 528870.244 209213.775 529275.973 208934.498 530000.0 208931.021 530008.992 208789.164 530376.145 208771.67 530421.222 208681.21 530649.675 208567.357 530942.366 208511.403 531086.12 208426.526 531301.844 208343.99 531513.175 208299.105 531502.794 208294.398 531513.747 208234.343 531643.012 208222.626 531667.416 208198.798 531717.096 208176.848 531765.587 208156.348 531818.99 208147.71 531837.914 208124.305 531926.311 208125.891 531926.652 208127.064 531928.964 208097.337 531965.316 208065.703 532014.453 208021.959 532038.456 208005.641 532000.793 207963.699 531903.951 207957.858 531890.507 207947.596 531866.528 207927.989 531820.701 207903.644 531764.606 207778.91 531477.343 207765.277 531445.941 207739.596 531386.015 207733.523 531371.992 207500.629 531317.251 207442.936 531303.689 207436.761 531301.998 207424.82 531296.98 207412.411 531288.013 207366.339 531249.922 207323.906 531214.116 207277.306 531176.771 207253.081 531158.737 207220.366 531135.929 207206.833 531125.668 207193.969 531115.235 207157.804 531082.765 207138.128 531063.579 207116.624 531040.45 207109.543 531030.718 207101.251 531021.982 207082.398 530999.19 207068.387 530983.498 207060.31 530976.43 207051.461 530967.583 207040.302 530956.841 207032.64 530949.554 207029.059 530946.174 206979.048 530900.917 206963.449 530888.42 206955.177 530881.985 206953.559 530880.691 206951.923 530879.717 206950.137 530878.847 206948.69 530877.948 206946.573 530876.948 206940.808 530874.398 206926.94 530868.864 206921.018 530866.852 206915.527 530866.376 206848.021 530844.567 206840.267 530841.941 206826.93 530837.273 206821.468 530834.787 206800.905 530829.339 206779.58 530822.498 206734.454 530805.271 206707.754 530796.416 206693.112 530790.905 206689.788 530789.919 206676.823 530786.108 206666.94 530783.896 206649.457 530779.774 206621.337 530771.614 206607.989 530768.634 206584.516 530761.982 206579.866 530759.927 206575.258 530754.448 206566.923 530750.663 206554.761 530745.094 206550.722 530744.536 206545.993 530745.453 206540.008 530746.092 206527.82 530743.079 206479.449 530723.696 206465.289 530718.485 206441.407 530711.07 206429.005 530706.586 206418.303 530703.795 206392.188 530690.302 206383.688 530685.976 206375.107 530682.273 206368.02 530681.012 206352.756 530679.043 206318.069 530668.342 206284.316 530656.099 206262.12 530648.73 206208.842 530629.459 206190.044 530625.558 206133.898 530605.102 206124.941 530603.05 206111.201 530599.008 206099.866 530595.094 206094.708 530593.229 206043.734 530579.556 206005.769 530566.092 205977.599 530555.882 205962.885 530549.602 205943.81 530542.206 205874.97 530518.614 205843.099 530505.747 205819.235 530495.268 205742.251 530465.198 205726.811 530460.487 205716.765 530457.735 205683.467 530452.38 205672.481 530450.076 205663.024 530449.846 205657.852 530450.375 205654.226 530450.857 205644.436 530451.751 205632.578 530450.14 205562.722 530446.329 205543.818 530444.183 205532.167 530442.599 205519.372 530440.456 205484.688 530430.301 205459.799 530426.727 205443.189 530424.992 205403.306 530421.597 205337.896 530416.392 205329.964 530414.873 205309.646 530408.766 205285.541 530397.945 205217.744 530363.809 205203.612 530357.582 205184.338 530346.201 205143.634 530324.701 205123.716 530315.853 205031.107 530268.857 205007.463 530256.36 204944.623 530224.728 204937.878 530221.499 204916.624 530211.89 204897.417 530200.481 204888.719 530193.555 204861.354 530167.003 204847.766 530155.518 204830.636 530139.528 204807.085 530119.783 204795.89 530108.612 204755.995 530074.181 204746.433 530064.659 204731.056 530048.942 204729.938 530048.05 204724.319 530042.045 204706.346 530028.946 204693.717 530018.069 204680.334 530005.134 204668.936 529993.66 204592.235 529920.959 204590.564 529919.404 204585.388 529913.524 204580.865 529905.224 204570.176 529879.302 204530.791 529761.639 204519.477 529730.641 204512.625 529710.658 204505.811 529671.406 204496.481 529618.368 204483.581 529551.17 204481.082 529533.83 204483.236 529523.254 204500.942 529471.651 204504.2 529457.14 204502.264 529453.944 204500.034 529452.474 204502.284 529447.551 204514.253 529420.074 204641.354 529127.35 204648.453 529109.75 204737.906 528903.625 204747.015 528882.687 204839.281 528670.812 204855.328 528633.937 204902.926 528517.82 204946.022 528412.449 204977.223 528333.364 204981.547 528326.819 205021.957 528256.299 205027.684 528259.928 205041.499 528242.903 205062.864 528193.927 205092.167 528135.537 205109.102 528109.87 205106.14 528107.05 205102.76 528104.12 205095.49 528104.17 205089.29 528095.77 205223.01 527758.56 205490.1 527085.07 205545.837 526945.173 205632.391 526726.624 205692.003 526575.783 205762.101 526399.129 205759.839 526396.31 205847.811 526177.195 205859.259 526148.866 205875.139 526105.909 205900.433 526048.668 205912.84 526014.72 205921.459 525994.413 205924.599 525987.117 205932.893 525990.438 205934.935 525985.263 205981.849 525854.072 205985.674 525848.242 205991.845 525829.134 206008.231 525794.723 206021.691 525763.041 206060.689 525669.332 206095.44 525578.175 206135.551 525472.903 206151.93 525430.022 206169.745 525384.915 206189.955 525336.478 206199.549 525310.303 206210.161 525282.722 206230.098 525228.538 206259.529 525143.529 206262.388 525143.576 206266.124 525145.039 206270.548 525146.98 206281.914 525153.112 206284.906 525154.675 206287.205 525155.488 206288.756 525151.949 206289.968 525148.878 206296.263 525133.615 206304.126 525115.633 206320.819 525072.925 206451.538 524741.214 206456.111 524726.462 206654.819 524214.926 206640.25 524208.781 206674.387 524122.994 206676.38 524118.49 206694.337 524072.266 206656.437 524046.639 206694.016 523945.042 206719.426 523878.357 206718.475 523850.891 206718.449 523843.214 206718.8 523837.678 206719.398 523830.783 206720.564 523823.895 206721.985 523818.17 206723.951 523812.497 206726.853 523806.338 206729.54 523801.153 206731.973 523796.123 206735.29 523791.264 206739.869 523785.035 206742.103 523783.185 206745.027 523780.41 206762.54 523765.212 206784.17 523708.446 206817.312 523622.504 206910.702 523272.703 206917.552 523249.431 206923.613 523233.642 206949.29 523172.411 207000.432 523046.637 207009.273 523024.891</gml:posList>
    </gml:LinearRing>
  </gml:exterior>
</gml:Polygon></Objecten:vlak></Objecten:geometrie><Objecten:status>Woonplaats aangewezen</Objecten:status><Objecten:geconstateerd>N</Objecten:geconstateerd><Objecten:documentdatum>1998-09-10</Objecten:documentdatum><Objecten:documentnummer>IX/7</Objecten:documentnummer><Objecten:voorkomen><Historie:Voorkomen><Historie:voorkomenidentificatie>1</Historie:voorkomenidentificatie><Historie:beginGeldigheid>1998-09-10</Historie:beginGeldigheid><Historie:tijdstipRegistratie>2010-03-02T13:44:20.000</Historie:tijdstipRegistratie><Historie:BeschikbaarLV><Historie:tijdstipRegistratieLV>2010-03-04T09:11:45.129</Historie:tijdstipRegistratieLV></Historie:BeschikbaarLV></Historie:Voorkomen></Objecten:voorkomen></Objecten:Woonplaats></sl-bag-extract:bagObject></sl:stand><sl:stand><sl-bag-extract:bagObject><Objecten:Woonplaats><Objecten:identificatie domein="NL.IMBAG.Woonplaats">1084</Objecten:identificatie><Objecten:naam>Rogat</Objecten:naam><Objecten:geometrie><Objecten:vlak><gml:Polygon srsName="urn:ogc:def:crs:EPSG::28992" srsDimension="2">
  <gml:exterior>
    <gml:LinearRing>
      <gml:posList count="127">215611.631 522048.68 215617.211 522107.03 215620.943 522146.047 215626.717 522194.39 215627.278 522199.09 215627.602 522201.801 215628.364 522208.183 215630.901 522229.433 215630.97 522230.012 215631.133 522231.374 215630.019 522231.684 215630.81 522238.965 215570.047 522247.255 215570.916 522253.561 215568.144 522253.986 215560.218 522255.202 215556.05 522255.841 215531.671 522259.579 215516.62 522261.76 215488.298 522267.673 215485.614 522269.335 215479.094 522273.298 215472.958 522277.899 215472.478 522278.21 215466.431 522282.129 215447.42 522296.192 215447.336 522296.257 215424.025 522314.484 215355.974 522369.694 215318.744 522399.866 215316.528 522401.662 215293.922 522419.977 215231.739 522470.406 215169.787 522520.709 215166.074 522523.691 215162.539 522527.389 215155.41 522534.848 215120.628 522571.234 215107.218 522584.888 215085.949 522604.127 215070.101 522616.235 215056.664 522626.188 215048.706 522631.848 215000.0 522665.099 214968.636 522686.51 214922.02 522718.333 214838.949 522775.008 214822.537 522785.519 214806.348 522795.209 214777.891 522811.16 214759.887 522820.06 214741.656 522828.511 214723.07 522835.62 214718.579 522837.094 214715.708 522838.404 214699.724 522845.175 214683.635 522851.815 214667.424 522858.137 214652.562 522863.504 214651.801 522863.78 214651.027 522864.06 214645.061 522866.28 214634.587 522870.165 214630.315 522871.429 214627.194 522872.354 214618.077 522875.055 214601.275 522879.676 214584.346 522883.94 214567.404 522887.872 214550.348 522891.42 214533.209 522894.594 214516.006 522897.382 214498.741 522899.794 214481.424 522901.849 214464.07 522903.596 214446.694 522904.974 214437.767 522905.481 214429.274 522905.964 214411.842 522906.583 214402.755 522906.698 214354.776 522907.302 214351.403 522907.344 214346.57 522907.405 214345.699 522912.914 214345.296 522915.465 214338.93 522913.151 214334.598 522911.576 214315.13 522904.5 214308.59 522899.62 214302.86 522899.29 214000.0 522891.149 213856.673 522887.296 213707.584 522883.288 213707.387 522882.412 213670.652 522881.27 213592.581 522878.49 213530.373 522876.234 213512.511 522875.586 213439.001 522873.054 213366.176 522870.022 213362.209 522869.79 213354.769 522869.354 213288.854 522865.491 213206.909 522860.588 213198.16 522860.104 213148.003 522857.326 213126.298 522856.245 213056.233 522851.725 212978.543 522847.11 212939.291 522844.766 212685.053 522786.694 212448.673 522763.591 212247.114 522687.923 212351.577 522546.631 212393.554 522457.319 212431.956 522364.584 212490.107 522374.87 212642.783 522390.941 212835.637 522398.307 213050.224 522390.853 213713.189 522343.732 214052.357 522319.626 214475.9 522283.466 214756.475 522255.341 214932.588 522223.534 215260.038 522146.861 215611.631 522048.68</gml:posList>
    </gml:LinearRing>
  </gml:exterior>
</gml:Polygon></Objecten:vlak></Objecten:geometrie><Objecten:status>Woonplaats aangewezen</Objecten:status><Objecten:geconstateerd>N</Objecten:geconstateerd><Objecten:documentdatum>1998-09-10</Objecten:documentdatum><Objecten:documentnummer>IX/7</Objecten:documentnummer><Objecten:voorkomen><Historie:Voorkomen><Historie:voorkomenidentificatie>1</Historie:voorkomenidentificatie><Historie:beginGeldigheid>1998-09-10</Historie:beginGeldigheid><Historie:tijdstipRegistratie>2010-03-02T13:44:20.000</Historie:tijdstipRegistratie><Historie:BeschikbaarLV><Historie:tijdstipRegistratieLV>2010-03-04T09:11:45.158</Historie:tijdstipRegistratieLV></Historie:BeschikbaarLV></Historie:Voorkomen></Objecten:voorkomen></Objecten:Woonplaats></sl-bag-extract:bagObject></sl:stand>